structure(list(elevation = c(46, 37.2, 69.2, 68.3, 21, 15.2, 
26.2, 38.4, 1.8, 13.1, 6.7, 28, 18.9, 11.6, 2.1, 3.7, 6.7, 2.7, 
51.8, 8.5, 36.6, 46, NA, 48.2, 36, 53, 10.7, 19.5, 2.1, 6.1, 
27.1, 36.6, 4, 46, 8.5, 0, 35.1, 66.8, 13.1, 32.9, 35.7, 45.1, 
230.1, 245.1, 645.9, 93.9, 117.3, 159.1, 217, 185.9, 139.9, 127.1, 
149, 153, 114.6, 96, 58.5, 108.5, 142, 14.9, 193.9, 128.6, 61.6, 
156.7, 139, 131.4, 222.2, 141.4, 148.1, 141.4, 122.2, 63.1, 20.1, 
28.7, 15.8, 14.9, 96.9, 29, 129.8, 105.8, 61.9, 20.1, 0, 76.2, 
65.8, 64, 49.1, 17.1, 57.9, 39, 61, 50, 61.9, 9.1, 59.1, 53, 
63.4, 61, 43.9, 18, 10.1, 11.9, 6.1, 11.9, 18, 19.8, 253, 167, 
163.1, 171, 202.1, 231.6, 318.2, 184.4, 178, 156.4, 183.5, 199.9, 
11.9, 10.1, 43.9, 45.1, NA, 7.9, 37.8, 30.5, 34.4, 16.5, 27.4, 
0, 4.9, 6.1, 3.4, 4.9, 13.1, 91.1, 107, 167, 177.7, 143, 152.7, 
203.9, 112.8, 96.3, 237.7, 133.2, 96.6, 257.3, 348.7, 764.1, 
696.2, 747.1, 761.1, 747.1, 121, 125, 124.1, 149, 132, 192.9, 
29.9, 221.9, 143.9, 171.9, 201.5, 114.3, 173.7, 225.6, 154.8, 
103.9, 104.9, 96.9, 99.1, 132, 166.1, 125.9, 150, 120.1, 138.1, 
175.9, 124.1, 121.6, 141.4, 86, 114, 148.1, 145.1, 119.2, 83.2, 
156.4, 145.4, 111.9, 66.4, 51.5, 7.9, 20.1, 14.9, 21, 110.9, 
150, 96.9, 134.1, 116.1, 115.8, 134.1, 154.8, 141.1, 114.9, 128.9, 
100, 110, 113.1, 109.1, 100.9, 207.9, 102.1, 95.1, 91.1, 100, 
92, 110.9, 75, 100.9, 110, 167, 110, 128.9, 109.7, 216.7, 195.1, 
132, 139, 169.2, 113.7, 128.6, 136.9, 113.4, 68.3, 122.8, 176.8, 
82.3, 100.6, 133.5, 125.9, 180.7, 144.8, 135.6, 75.3, 128.9, 
100.3, 76.5, 163.1, 69.5, 103.6, 125, 103.3, 121.9, 163.4, 122.2, 
87.5, 136.9, 138.4, 172.8, 175.3, 40.8, 89.9, 75, 57, 79.9, 46.9, 
68, 64, 59.1, 48.2, 85, 64.9, 38.1, 71, 65.8, 17.1, 70.1, 57.9, 
59.1, 18, 34.1, 48.2, 63.1, 57, 63.1, 29.9, 77.7, 53, 39, 30.8, 
65.2, 11.3, 38.7, 43.6, 53, 78.3, 113.1, 44.2, 25.6, 26.2, 61.9, 
17.1, 6.7, 7, 11.6, 24.1, 48.2, 32.9, 11.9, 22.9, 36, 23.8, 1.5, 
0.9, 32.6, 4.9, 2.1, 1.2, 4, 4.6, 1.5, 3.7, 0.9, 14.9, 15.8, 
NA, 17.1, 18, NA, 4, 11.9, 10.1, 21, 15.8, 2.1, 11.9, 10.1, 14.9, 
11, 21, 14.9, 14.9, 5.2, 10.7, 7.6, 2.4, 14.6, 7.3, 175, 154.8, 
160, 166.1, 222.2, 128.6, 185.9, 168.9, 10.1, 0.9, 9.1, 0.9, 
11.6, 3, 6.4, 1.5, 1.2, 6.4, 2.4, 5.2, 3, 7.6, 3, 234.7, 43, 
30.8, 100.9, 61, 7.6, 103.9, 44.2, 43, 43, 61, 82, 29.9, 67.1, 
95.1, 111.3, 223.1, 6.1, 100.9, 95.1, 823.9, 3, 237.7, 225.9, 
192, 182.9, 176.8, 100.6, 78.9, 14.9, 179.8, 67.1, 3, 490.7, 
27.1, 18, 52.1, 50.6, 6.1, 70.1, 6.1, 5.2, 12.2, 162.2, 112.8, 
177.1, 128, 24.1, 27.4, 95.1, 106.7, 12.2, 61, NA, 2.4, 274, 
222.5, 295.7, 71.6, 45.7, 220.1, 213.4, 109.7, 748.9, 14.9, 82.9, 
15.2, 18, 12.2, 275.8, 12.8, 11.9, 91.4, 220.1, 122.8, 136.9, 
289.6, 243.8, 43, 92, 85.3, 115.8, 85.3, 117.3, 698, 460.9, 609.9, 
652.9, 661.4, 139.9, 46, 192, 45.7, 213.4, 726, 3, 61, 61, 61, 
137.2, 94.5, 201.2, 170.7, 116.1, 117, 152.4, 49.1, 50.3, 128, 
61, 54.9, 42.7, 121.9, 6.1, 34.1, 31.1, 223.1, 57.9, 15.5, 103.6, 
7.6, 256, 163.1, 816.9, 30.5, 545.6, 18, 262.1, 9.1, 869.3, 790, 
192, 737.6, 6.1, 6.1, 48.8, 56.7, 182.9, 11.6, 11.9, 313.9, 152.4, 
201.2, 6.1, 6.1, 91.4, 11.6, 82.3, 14.9, 238, 43, 6.1, 189, 112.8, 
21, 224.6, 14.9, 61, 6.1, 134.1, 3, 3, 12.2, 6.1, 9.1, 3, 455.7, 
519.1, 128, 152.4, 3, 85, 82, 621.8, 622.1, 274.3, 204.2, 9.1, 
3.7, 445, 3, 82, 30.5, 762, 97.5, 98.1, 70.1, 152.4, 167.9, 118.9, 
16.8, 140.2, 131.1, 24.4, 39.6, 30.5, 3, 92, 64, 70.1, 49.1, 
262.1, 228.6, 9.1, 100.6, 107, 109.7, 144.8, 140.2, 762.9, 161.8, 
6.1, 735.2, 223.1, 152.4, 75, 519.1, 320, 426.7, 563, 6.4, 17.4, 
86, 11.9, 93.9, 100, 2.4, 4.3, 212.8, 14.3, 47.5, 46, 6.1, 3.7
), mindate = c("2012-10-07", "2005-10-03", "2005-11-29", "2005-09-01", 
"2006-05-01", "2006-05-01", "2006-01-22", "2006-03-20", "2006-04-03", 
"2006-04-27", "2006-06-30", "2006-10-17", "2006-10-17", "2007-03-11", 
"2007-05-29", "2007-06-28", "2007-06-04", "2007-07-20", "2007-12-29", 
"2008-02-01", "2008-04-26", "2008-04-21", "2008-06-28", "2008-08-19", 
"2009-02-22", "2009-04-20", "2010-04-09", "2010-04-22", "2010-04-22", 
"2010-07-01", "2010-08-23", "2011-11-10", "2012-11-07", "2005-10-01", 
"2014-03-17", "2015-10-16", "2016-08-07", "2016-08-11", "2016-09-11", 
"2017-03-25", "2017-07-13", "2017-09-28", "2006-02-27", "2006-06-24", 
"2008-04-01", "2008-07-17", "2010-07-23", "2006-05-01", "2006-04-03", 
"2006-03-27", "2006-04-08", "2006-07-27", "2007-04-15", "2008-03-13", 
"2008-06-06", "2008-06-13", "2008-09-22", "2009-06-20", "2009-07-18", 
"2010-04-23", "2010-04-30", "2010-07-12", "2010-08-01", "2010-10-10", 
"2010-01-23", "2012-09-03", "2013-01-08", "2014-04-06", "2014-10-05", 
"2015-07-27", "2015-07-28", "2005-11-01", "2005-11-01", "2006-04-02", 
"2006-05-08", "2004-09-22", "2006-07-01", "2009-01-02", "2009-02-01", 
"2009-08-28", "2009-09-08", "2012-04-04", "2013-09-01", "2013-12-15", 
"1998-06-17", "2005-12-06", "2006-05-01", "1998-10-02", "2005-11-28", 
"2005-12-26", "2006-07-18", "2006-10-03", "2006-08-14", "2006-09-30", 
"2007-02-11", "2007-11-27", "2010-06-07", "2011-07-25", "2012-07-09", 
"1998-06-17", "2007-07-24", "2007-08-06", "2007-08-01", "2007-04-01", 
"2012-01-10", "2013-01-14", "2006-02-11", "2006-04-22", "2006-08-01", 
"2006-09-14", "2000-02-06", "2008-10-01", "2010-04-29", "2011-05-11", 
"2011-06-08", "2012-09-29", "2014-10-16", "2016-10-31", "2006-01-02", 
"2005-12-01", "2005-12-10", "2006-03-14", "2006-03-16", "2006-12-18", 
"2010-03-01", "2011-05-12", "2013-05-01", "2015-04-01", "2017-04-23", 
"2017-08-18", "2007-01-01", "2008-01-05", "2015-01-12", "2015-01-01", 
"2015-07-27", "2007-02-25", "2007-04-23", "2007-10-17", "2008-05-31", 
"2008-07-11", "2008-09-06", "2009-08-11", "2011-09-13", "2012-02-18", 
"1998-06-17", "2015-09-24", "2016-07-26", "2016-09-06", "2017-10-01", 
"2006-03-01", "2006-02-24", "2004-05-14", "2006-03-25", "2014-07-08", 
"2006-01-08", "2006-06-14", "2006-07-13", "1998-06-17", "2007-06-04", 
"2007-06-12", "2007-08-08", "2008-05-12", "2008-05-24", "2008-09-28", 
"2010-04-29", "2010-06-15", "2011-02-19", "2015-03-25", "2005-10-05", 
"2005-10-01", "2006-05-01", "2005-11-27", "2006-05-01", "2006-04-13", 
"2006-04-01", "2006-04-30", "2006-04-17", "2006-11-16", "2007-05-02", 
"2007-06-25", "2008-01-01", "2008-02-08", "2008-08-19", "2008-09-08", 
"2008-12-01", "2009-07-13", "2011-03-15", "2011-01-21", "2012-08-23", 
"2013-08-18", "2014-04-01", "2015-06-29", "2016-09-19", "2016-10-23", 
"2006-06-18", "2006-07-15", "2012-06-25", "2013-10-17", "2002-04-29", 
"2005-11-01", "2005-10-01", "2005-10-01", "2006-05-01", "2005-10-01", 
"2006-05-01", "2005-11-30", "2006-05-01", "2005-12-09", "2006-05-01", 
"2005-10-01", "2005-12-01", "2006-05-01", "2005-10-26", "2006-05-01", 
"2008-07-01", "2006-05-01", "2006-05-01", "2006-05-01", "2006-05-01", 
"2006-01-18", "2006-02-25", "2006-04-22", "2006-07-01", "2006-09-01", 
"2006-09-04", "2006-09-03", "2007-05-27", "2008-02-18", "2008-05-14", 
"2008-10-20", "2009-04-01", "2009-07-08", "2009-08-28", "2011-01-07", 
"1998-06-17", "2011-02-15", "2011-07-12", "2011-09-06", "2011-09-01", 
"2012-07-07", "2011-10-16", "2012-05-22", "2012-03-28", "2011-04-09", 
"2012-07-29", "2012-10-08", "2013-05-08", "2013-07-28", "2013-08-06", 
"2013-10-01", "2013-11-22", "2014-12-14", "2015-04-17", "2015-09-08", 
"2015-10-27", "2016-03-31", "2016-04-09", "2016-04-16", "2016-06-26", 
"2016-08-09", "2016-09-12", "2017-02-06", "2017-05-01", "2017-05-22", 
"2005-10-01", "2005-08-26", "2005-10-07", "2005-10-22", "1998-06-17", 
"2006-05-01", "2006-05-01", "2006-05-01", "1998-06-17", "2005-12-02", 
"2006-02-12", "2006-05-01", "2006-05-01", "2006-05-01", "2006-05-01", 
"2006-05-01", "2006-05-01", "2006-05-01", "2006-01-11", "2006-02-17", 
"2006-04-21", "2006-08-01", "2006-08-30", "2006-12-11", "2007-01-20", 
"2007-03-16", "2009-02-19", "2009-03-08", "2010-01-31", "2010-08-07", 
